   1.0000000e+00   1.0000000e+00   1.3333333e+00
   2.0000000e+00   1.0000000e+00  -1.1111111e-01
   3.0000000e+00   1.0000000e+00  -1.1111111e-01
   4.0000000e+00   1.0000000e+00  -1.3888889e-01
   5.0000000e+00   1.0000000e+00   2.2222222e-01
   6.0000000e+00   1.0000000e+00  -5.5555556e-02
   7.0000000e+00   1.0000000e+00  -5.5555556e-02
   8.0000000e+00   1.0000000e+00  -4.1666667e-02
   1.0000000e+00   2.0000000e+00  -1.1111111e-01
   2.0000000e+00   2.0000000e+00   1.3333333e+00
   3.0000000e+00   2.0000000e+00  -1.3888889e-01
   4.0000000e+00   2.0000000e+00  -1.1111111e-01
   5.0000000e+00   2.0000000e+00  -5.5555556e-02
   6.0000000e+00   2.0000000e+00   2.2222222e-01
   7.0000000e+00   2.0000000e+00  -4.1666667e-02
   8.0000000e+00   2.0000000e+00  -5.5555556e-02
   1.0000000e+00   3.0000000e+00  -1.1111111e-01
   2.0000000e+00   3.0000000e+00  -1.3888889e-01
   3.0000000e+00   3.0000000e+00   1.3333333e+00
   4.0000000e+00   3.0000000e+00  -1.1111111e-01
   5.0000000e+00   3.0000000e+00  -5.5555556e-02
   6.0000000e+00   3.0000000e+00  -4.1666667e-02
   7.0000000e+00   3.0000000e+00   2.2222222e-01
   8.0000000e+00   3.0000000e+00  -5.5555556e-02
   1.0000000e+00   4.0000000e+00  -1.3888889e-01
   2.0000000e+00   4.0000000e+00  -1.1111111e-01
   3.0000000e+00   4.0000000e+00  -1.1111111e-01
   4.0000000e+00   4.0000000e+00   1.3333333e+00
   5.0000000e+00   4.0000000e+00  -4.1666667e-02
   6.0000000e+00   4.0000000e+00  -5.5555556e-02
   7.0000000e+00   4.0000000e+00  -5.5555556e-02
   8.0000000e+00   4.0000000e+00   2.2222222e-01
   1.0000000e+00   5.0000000e+00   2.2222222e-01
   2.0000000e+00   5.0000000e+00  -5.5555556e-02
   3.0000000e+00   5.0000000e+00  -5.5555556e-02
   4.0000000e+00   5.0000000e+00  -4.1666667e-02
   5.0000000e+00   5.0000000e+00   1.3333333e+00
   6.0000000e+00   5.0000000e+00  -1.1111111e-01
   7.0000000e+00   5.0000000e+00  -1.1111111e-01
   8.0000000e+00   5.0000000e+00  -1.3888889e-01
   1.0000000e+00   6.0000000e+00  -5.5555556e-02
   2.0000000e+00   6.0000000e+00   2.2222222e-01
   3.0000000e+00   6.0000000e+00  -4.1666667e-02
   4.0000000e+00   6.0000000e+00  -5.5555556e-02
   5.0000000e+00   6.0000000e+00  -1.1111111e-01
   6.0000000e+00   6.0000000e+00   1.3333333e+00
   7.0000000e+00   6.0000000e+00  -1.3888889e-01
   8.0000000e+00   6.0000000e+00  -1.1111111e-01
   1.0000000e+00   7.0000000e+00  -5.5555556e-02
   2.0000000e+00   7.0000000e+00  -4.1666667e-02
   3.0000000e+00   7.0000000e+00   2.2222222e-01
   4.0000000e+00   7.0000000e+00  -5.5555556e-02
   5.0000000e+00   7.0000000e+00  -1.1111111e-01
   6.0000000e+00   7.0000000e+00  -1.3888889e-01
   7.0000000e+00   7.0000000e+00   1.3333333e+00
   8.0000000e+00   7.0000000e+00  -1.1111111e-01
   1.0000000e+00   8.0000000e+00  -4.1666667e-02
   2.0000000e+00   8.0000000e+00  -5.5555556e-02
   3.0000000e+00   8.0000000e+00  -5.5555556e-02
   4.0000000e+00   8.0000000e+00   2.2222222e-01
   5.0000000e+00   8.0000000e+00  -1.3888889e-01
   6.0000000e+00   8.0000000e+00  -1.1111111e-01
   7.0000000e+00   8.0000000e+00  -1.1111111e-01
   8.0000000e+00   8.0000000e+00   1.3333333e+00
