   1.9136686e-04
   2.4540745e-04
   2.6264739e-04
   2.4821533e-04
   2.0767652e-04
   1.4695942e-04
   7.2279124e-05
  -9.9415530e-06
  -9.3152848e-05
  -1.7075997e-04
  -2.3620546e-04
  -2.8305145e-04
  -3.0506095e-04
  -2.9627772e-04
  -2.5110393e-04
   2.4540745e-04
   2.7709662e-04
   2.6675493e-04
   2.2107151e-04
   1.4720079e-04
   5.2669978e-05
  -5.4716502e-05
  -1.6697487e-04
  -2.7604141e-04
  -3.7387255e-04
  -4.5254490e-04
  -5.0435433e-04
  -5.2191334e-04
  -4.9824597e-04
  -4.2687934e-04
   2.6264739e-04
   2.6675493e-04
   2.2606367e-04
   1.4867540e-04
   4.3146633e-05
  -8.1620331e-05
  -2.1648909e-04
  -3.5220273e-04
  -4.7949832e-04
  -5.8922147e-04
  -6.7243995e-04
  -7.2055546e-04
  -7.2541275e-04
  -6.7940501e-04
  -5.7557485e-04
   2.4821533e-04
   2.2107151e-04
   1.4867540e-04
   4.0345875e-05
  -9.4188405e-05
  -2.4491130e-04
  -4.0164372e-04
  -5.5416924e-04
  -6.9235995e-04
  -8.0630136e-04
  -8.8641547e-04
  -9.2358097e-04
  -9.0924957e-04
  -8.3555750e-04
  -6.9543139e-04
   2.0767652e-04
   1.4720079e-04
   4.3146633e-05
  -9.4188405e-05
  -2.5417099e-04
  -4.2596425e-04
  -5.9866138e-04
  -7.6141944e-04
  -9.0359245e-04
  -1.0148625e-03
  -1.0853679e-03
  -1.1058276e-03
  -1.0676602e-03
  -9.6309703e-04
  -7.8528902e-04
   1.4695942e-04
   5.2669978e-05
  -8.1620331e-05
  -2.4491130e-04
  -4.2596425e-04
  -6.1344035e-04
  -7.9603933e-04
  -9.6263742e-04
  -1.1024234e-03
  -1.2050316e-03
  -1.2606710e-03
  -1.2602491e-03
  -1.1954899e-03
  -1.0590442e-03
  -8.4459306e-04
   7.2279124e-05
  -5.4716502e-05
  -2.1648909e-04
  -4.0164372e-04
  -5.9866138e-04
  -7.9603933e-04
  -9.8243080e-04
  -1.1467827e-03
  -1.2784703e-03
  -1.3674283e-03
  -1.4042758e-03
  -1.3804364e-03
  -1.2882499e-03
  -1.1210770e-03
  -8.7339456e-04
  -9.9415530e-06
  -1.6697487e-04
  -3.5220273e-04
  -5.5416924e-04
  -7.6141944e-04
  -9.6263742e-04
  -1.1467827e-03
  -1.3032234e-03
  -1.4218655e-03
  -1.4932771e-03
  -1.5088064e-03
  -1.4606922e-03
  -1.3421677e-03
  -1.1475540e-03
  -8.7234490e-04
  -9.3152848e-05
  -2.7604141e-04
  -4.7949832e-04
  -6.9235995e-04
  -9.0359245e-04
  -1.1024234e-03
  -1.2784703e-03
  -1.4218655e-03
  -1.5233751e-03
  -1.5745130e-03
  -1.5676472e-03
  -1.4960985e-03
  -1.3542309e-03
  -1.1375321e-03
  -8.4268482e-04
  -1.7075997e-04
  -3.7387255e-04
  -5.8922147e-04
  -8.0630136e-04
  -1.0148625e-03
  -1.2050316e-03
  -1.3674283e-03
  -1.4932771e-03
  -1.5745130e-03
  -1.6038805e-03
  -1.5750250e-03
  -1.4825765e-03
  -1.3222233e-03
  -1.0907773e-03
  -7.8622776e-04
  -2.3620546e-04
  -4.5254490e-04
  -6.7243995e-04
  -8.8641547e-04
  -1.0853679e-03
  -1.2606710e-03
  -1.4042758e-03
  -1.5088064e-03
  -1.5676472e-03
  -1.5750250e-03
  -1.5260816e-03
  -1.4169389e-03
  -1.2447544e-03
  -1.0077679e-03
  -7.0533782e-04
  -2.8305145e-04
  -5.0435433e-04
  -7.2055546e-04
  -9.2358097e-04
  -1.1058276e-03
  -1.2602491e-03
  -1.3804364e-03
  -1.4606922e-03
  -1.4960985e-03
  -1.4825765e-03
  -1.4169389e-03
  -1.2969337e-03
  -1.1212798e-03
  -8.8969278e-04
  -6.0290243e-04
  -3.0506095e-04
  -5.2191334e-04
  -7.2541275e-04
  -9.0924957e-04
  -1.0676602e-03
  -1.1954899e-03
  -1.2882499e-03
  -1.3421677e-03
  -1.3542309e-03
  -1.3222233e-03
  -1.2447544e-03
  -1.1212798e-03
  -9.5211508e-04
  -7.3844087e-04
  -4.8229989e-04
  -2.9627772e-04
  -4.9824597e-04
  -6.7940501e-04
  -8.3555750e-04
  -9.6309703e-04
  -1.0590442e-03
  -1.1210770e-03
  -1.1475540e-03
  -1.1375321e-03
  -1.0907773e-03
  -1.0077679e-03
  -8.8969278e-04
  -7.3844087e-04
  -5.5658568e-04
  -3.4736225e-04
  -2.5110393e-04
  -4.2687934e-04
  -5.7557485e-04
  -6.9543139e-04
  -7.8528902e-04
  -8.4459306e-04
  -8.7339456e-04
  -8.7234490e-04
  -8.4268482e-04
  -7.8622776e-04
  -7.0533782e-04
  -6.0290243e-04
  -4.8229989e-04
  -3.4736225e-04
  -2.0233348e-04
   2.3310195e-04
   2.5800319e-04
   2.3019320e-04
   1.5919815e-04
   5.5055795e-05
  -7.1813443e-05
  -2.1073830e-04
  -3.5093048e-04
  -4.8161918e-04
  -5.9218547e-04
  -6.7229517e-04
  -7.1202939e-04
  -7.0201150e-04
  -6.3352958e-04
  -4.9865334e-04
   2.5800319e-04
   2.0783540e-04
   1.0646564e-04
  -3.4592594e-05
  -2.0342206e-04
  -3.8785081e-04
  -5.7560290e-04
  -7.5444957e-04
  -9.1235977e-04
  -1.0376486e-03
  -1.1191229e-03
  -1.1462221e-03
  -1.1091539e-03
  -9.9902326e-04
  -8.0795396e-04
   2.3019320e-04
   1.0646564e-04
  -6.4327887e-05
  -2.6903106e-04
  -4.9422364e-04
  -7.2638594e-04
  -9.5206352e-04
  -1.1580308e-03
  -1.3314523e-03
  -1.4600398e-03
  -1.5322053e-03
  -1.5372066e-03
  -1.4652867e-03
  -1.3078036e-03
  -1.0573513e-03
   1.5919815e-04
  -3.4592594e-05
  -2.6903106e-04
  -5.2969881e-04
  -8.0207789e-04
  -1.0717259e-03
  -1.3244498e-03
  -1.5464762e-03
  -1.7246187e-03
  -1.8464381e-03
  -1.9003973e-03
  -1.8760069e-03
  -1.7639622e-03
  -1.5562697e-03
  -1.2463619e-03
   5.5055795e-05
  -2.0342206e-04
  -4.9422364e-04
  -8.0207789e-04
  -1.1117957e-03
  -1.4084507e-03
  -1.6775563e-03
  -1.9052385e-03
  -2.0784028e-03
  -2.1848936e-03
  -2.2136447e-03
  -2.1548203e-03
  -1.9999453e-03
  -1.7420227e-03
  -1.3756389e-03
  -7.1813443e-05
  -3.8785081e-04
  -7.2638594e-04
  -1.0717259e-03
  -1.4084507e-03
  -1.7215939e-03
  -1.9968185e-03
  -2.2205868e-03
  -2.3803213e-03
  -2.4645585e-03
  -2.4630904e-03
  -2.3670962e-03
  -2.1692607e-03
  -1.8638792e-03
  -1.4469488e-03
  -2.1073830e-04
  -5.7560290e-04
  -9.5206352e-04
  -1.3244498e-03
  -1.6775563e-03
  -1.9968185e-03
  -2.2684822e-03
  -2.4797642e-03
  -2.6190044e-03
  -2.6758070e-03
  -2.6411701e-03
  -2.5076029e-03
  -2.2692285e-03
  -1.9218726e-03
  -1.4631375e-03
  -3.5093048e-04
  -7.5444957e-04
  -1.1580308e-03
  -1.5464762e-03
  -1.9052385e-03
  -2.2205868e-03
  -2.4797642e-03
  -2.6711359e-03
  -2.7843262e-03
  -2.8103437e-03
  -2.7416948e-03
  -2.5724816e-03
  -2.2984869e-03
  -1.9172435e-03
  -1.4280868e-03
  -4.8161918e-04
  -9.1235977e-04
  -1.3314523e-03
  -1.7246187e-03
  -2.0784028e-03
  -2.3803213e-03
  -2.6190044e-03
  -2.7843262e-03
  -2.8675232e-03
  -2.8612998e-03
  -2.7599206e-03
  -2.5592876e-03
  -2.2570035e-03
  -1.8524183e-03
  -1.3466608e-03
  -5.9218547e-04
  -1.0376486e-03
  -1.4600398e-03
  -1.8464381e-03
  -2.1848936e-03
  -2.4645585e-03
  -2.6758070e-03
  -2.8103437e-03
  -2.8612998e-03
  -2.8233148e-03
  -2.6926053e-03
  -2.4670190e-03
  -2.1460729e-03
  -1.7309771e-03
  -1.2246427e-03
  -6.7229517e-04
  -1.1191229e-03
  -1.5322053e-03
  -1.9003973e-03
  -2.2136447e-03
  -2.4630904e-03
  -2.6411701e-03
  -2.7416948e-03
  -2.7599206e-03
  -2.6926053e-03
  -2.5380507e-03
  -2.2961302e-03
  -1.9683025e-03
  -1.5576104e-03
  -1.0686643e-03
  -7.1202939e-04
  -1.1462221e-03
  -1.5372066e-03
  -1.8760069e-03
  -2.1548203e-03
  -2.3670962e-03
  -2.5076029e-03
  -2.5724816e-03
  -2.5592876e-03
  -2.4670190e-03
  -2.2961302e-03
  -2.0485336e-03
  -1.7275866e-03
  -1.3380653e-03
  -8.8612526e-04
  -7.0201150e-04
  -1.1091539e-03
  -1.4652867e-03
  -1.7639622e-03
  -1.9999453e-03
  -2.1692607e-03
  -2.2692285e-03
  -2.2984869e-03
  -2.2570035e-03
  -2.1460729e-03
  -1.9683025e-03
  -1.7275866e-03
  -1.4290668e-03
  -1.0790822e-03
  -6.8510676e-04
  -6.3352958e-04
  -9.9902326e-04
  -1.3078036e-03
  -1.5562697e-03
  -1.7420227e-03
  -1.8638792e-03
  -1.9218726e-03
  -1.9172435e-03
  -1.8524183e-03
  -1.7309771e-03
  -1.5576104e-03
  -1.3380653e-03
  -1.0790822e-03
  -7.8832054e-04
  -4.7427706e-04
  -4.9865334e-04
  -8.0795396e-04
  -1.0573513e-03
  -1.2463619e-03
  -1.3756389e-03
  -1.4469488e-03
  -1.4631375e-03
  -1.4280868e-03
  -1.3466608e-03
  -1.2246427e-03
  -1.0686643e-03
  -8.8612526e-04
  -6.8510676e-04
  -4.7427706e-04
  -2.6279159e-04
   1.8902404e-04
   1.5385801e-04
   5.8732122e-05
  -8.2736895e-05
  -2.5649484e-04
  -4.4822712e-04
  -6.4353739e-04
  -8.2812632e-04
  -9.8796908e-04
  -1.1094900e-03
  -1.1797329e-03
  -1.1865266e-03
  -1.1186420e-03
  -9.6594287e-04
  -7.1952554e-04
   1.5385801e-04
   4.5642857e-07
  -2.0418537e-04
  -4.4435359e-04
  -7.0413089e-04
  -9.6759132e-04
  -1.2189945e-03
  -1.4429771e-03
  -1.6247409e-03
  -1.7502352e-03
  -1.8063318e-03
  -1.7809927e-03
  -1.6634271e-03
  -1.4442379e-03
  -1.1155562e-03
   5.8732122e-05
  -2.0418537e-04
  -5.0720367e-04
  -8.3302286e-04
  -1.1643938e-03
  -1.4843244e-03
  -1.7762834e-03
  -2.0243979e-03
  -2.2136460e-03
  -2.3300396e-03
  -2.3607995e-03
  -2.2945178e-03
  -2.1213092e-03
  -1.8329486e-03
  -1.4229933e-03
  -8.2736895e-05
  -4.4435359e-04
  -8.3302286e-04
  -1.2303896e-03
  -1.6184148e-03
  -1.9795874e-03
  -2.2971306e-03
  -2.5552002e-03
  -2.7390742e-03
  -2.8353322e-03
  -2.8320219e-03
  -2.7188129e-03
  -2.4871360e-03
  -2.1303061e-03
  -1.6436288e-03
  -2.5649484e-04
  -7.0413089e-04
  -1.1643938e-03
  -1.6184148e-03
  -2.0479088e-03
  -2.4353854e-03
  -2.7643513e-03
  -3.0195039e-03
  -3.1869120e-03
  -3.2541851e-03
  -3.2106272e-03
  -3.0473762e-03
  -2.7575261e-03
  -2.3362316e-03
  -1.7807944e-03
  -4.4822712e-04
  -9.6759132e-04
  -1.4843244e-03
  -1.9795874e-03
  -2.4353854e-03
  -2.8347715e-03
  -3.1620407e-03
  -3.4029110e-03
  -3.5446915e-03
  -3.5764351e-03
  -3.4890757e-03
  -3.2755477e-03
  -2.9308873e-03
  -2.4523155e-03
  -1.8393000e-03
  -6.4353739e-04
  -1.2189945e-03
  -1.7762834e-03
  -2.2971306e-03
  -2.7643513e-03
  -3.1620407e-03
  -3.4757525e-03
  -3.6926640e-03
  -3.8017247e-03
  -3.7937894e-03
  -3.6617329e-03
  -3.4005469e-03
  -3.0074169e-03
  -2.4817795e-03
  -1.8253590e-03
  -8.2812632e-04
  -1.4429771e-03
  -2.0243979e-03
  -2.5552002e-03
  -3.0195039e-03
  -3.4029110e-03
  -3.6926640e-03
  -3.8777887e-03
  -3.9492204e-03
  -3.8999120e-03
  -3.7249238e-03
  -3.4214933e-03
  -2.9890862e-03
  -2.4294252e-03
  -1.7464997e-03
  -9.8796908e-04
  -1.6247409e-03
  -2.2136460e-03
  -2.7390742e-03
  -3.1869120e-03
  -3.5446915e-03
  -3.8017247e-03
  -3.9492204e-03
  -3.9803831e-03
  -3.8904933e-03
  -3.6769693e-03
  -3.3394083e-03
  -2.8796076e-03
  -2.3015664e-03
  -1.6114656e-03
  -1.1094900e-03
  -1.7502352e-03
  -2.3300396e-03
  -2.8353322e-03
  -3.2541851e-03
  -3.5764351e-03
  -3.7937894e-03
  -3.8999120e-03
  -3.8904933e-03
  -3.7632997e-03
  -3.5182046e-03
  -3.1571997e-03
  -2.6843866e-03
  -2.1059485e-03
  -1.4301033e-03
  -1.1797329e-03
  -1.8063318e-03
  -2.3607995e-03
  -2.8320219e-03
  -3.2106272e-03
  -3.4890757e-03
  -3.6617329e-03
  -3.7249238e-03
  -3.6769693e-03
  -3.5182046e-03
  -3.2509775e-03
  -2.8796294e-03
  -2.4104566e-03
  -1.8516541e-03
  -1.2132409e-03
  -1.1865266e-03
  -1.7809927e-03
  -2.2945178e-03
  -2.7188129e-03
  -3.0473762e-03
  -3.2755477e-03
  -3.4005469e-03
  -3.4214933e-03
  -3.3394083e-03
  -3.1571997e-03
  -2.8796294e-03
  -2.5132624e-03
  -2.0663999e-03
  -1.5489956e-03
  -9.7255607e-04
  -1.1186420e-03
  -1.6634271e-03
  -2.1213092e-03
  -2.4871360e-03
  -2.7575261e-03
  -2.9308873e-03
  -3.0074169e-03
  -2.9890862e-03
  -2.8796076e-03
  -2.6843866e-03
  -2.4104566e-03
  -2.0663999e-03
  -1.6622526e-03
  -1.2093962e-03
  -7.2043634e-04
  -9.6594287e-04
  -1.4442379e-03
  -1.8329486e-03
  -2.1303061e-03
  -2.3362316e-03
  -2.4523155e-03
  -2.4817795e-03
  -2.4294252e-03
  -2.3015664e-03
  -2.1059485e-03
  -1.8516541e-03
  -1.5489956e-03
  -1.2093962e-03
  -8.4525985e-04
  -4.6983171e-04
  -7.1952554e-04
  -1.1155562e-03
  -1.4229933e-03
  -1.6436288e-03
  -1.7807944e-03
  -1.8393000e-03
  -1.8253590e-03
  -1.7464997e-03
  -1.6114656e-03
  -1.4301033e-03
  -1.2132409e-03
  -9.7255607e-04
  -7.2043634e-04
  -4.6983171e-04
  -2.3410133e-04
   7.5320213e-05
  -4.1807185e-05
  -2.1814294e-04
  -4.3656415e-04
  -6.7970662e-04
  -9.3018014e-04
  -1.1707829e-03
  -1.3847132e-03
  -1.5557772e-03
  -1.6685903e-03
  -1.7087713e-03
  -1.6631268e-03
  -1.5198257e-03
  -1.2685611e-03
  -9.0069841e-04
  -4.1807185e-05
  -3.0925728e-04
  -6.2005212e-04
  -9.5514448e-04
  -1.2955888e-03
  -1.6227694e-03
  -1.9186240e-03
  -2.1658622e-03
  -2.3481753e-03
  -2.4504375e-03
  -2.4588953e-03
  -2.3613451e-03
  -2.1472965e-03
  -1.8081202e-03
  -1.3371788e-03
  -2.1814294e-04
  -6.2005212e-04
  -1.0475434e-03
  -1.4802850e-03
  -1.8983953e-03
  -2.2826764e-03
  -2.6148401e-03
  -2.8777252e-03
  -3.0555031e-03
  -3.1338714e-03
  -3.1002329e-03
  -2.9438596e-03
  -2.6560388e-03
  -2.2302021e-03
  -1.6620343e-03
  -4.3656415e-04
  -9.5514448e-04
  -1.4802850e-03
  -1.9910096e-03
  -2.4671361e-03
  -2.8895080e-03
  -3.2402161e-03
  -3.5028076e-03
  -3.6624809e-03
  -3.7062660e-03
  -3.6231864e-03
  -3.4044041e-03
  -3.0433444e-03
  -2.5358000e-03
  -1.8800147e-03
  -6.7970662e-04
  -1.2955888e-03
  -1.8983953e-03
  -2.4671361e-03
  -2.9819442e-03
  -3.4242989e-03
  -3.7772361e-03
  -4.0255432e-03
  -4.1559374e-03
  -4.1572262e-03
  -4.0204480e-03
  -3.7389931e-03
  -3.3087025e-03
  -2.7279445e-03
  -1.9976684e-03
  -9.3018014e-04
  -1.6227694e-03
  -2.2826764e-03
  -2.8895080e-03
  -3.4242989e-03
  -3.8697200e-03
  -4.2102712e-03
  -4.4324566e-03
  -4.5249406e-03
  -4.4786839e-03
  -4.2870585e-03
  -3.9459399e-03
  -3.4537775e-03
  -2.8116401e-03
  -2.0232383e-03
  -1.1707829e-03
  -1.9186240e-03
  -2.6148401e-03
  -3.2402161e-03
  -3.7772361e-03
  -4.2102712e-03
  -4.5257490e-03
  -4.7123041e-03
  -4.7609073e-03
  -4.6649728e-03
  -4.4204439e-03
  -4.0258543e-03
  -3.4823661e-03
  -2.7937834e-03
  -1.9665420e-03
  -1.3847132e-03
  -2.1658622e-03
  -2.8777252e-03
  -3.5028076e-03
  -4.0255432e-03
  -4.4324566e-03
  -4.7123041e-03
  -4.8561954e-03
  -4.8576912e-03
  -4.7128801e-03
  -4.4204303e-03
  -3.9816186e-03
  -3.4003353e-03
  -2.6830639e-03
  -1.8388382e-03
  -1.5557772e-03
  -2.3481753e-03
  -3.0555031e-03
  -3.6624809e-03
  -4.1559374e-03
  -4.5249406e-03
  -4.7609073e-03
  -4.8576912e-03
  -4.8116478e-03
  -4.6216757e-03
  -4.2892352e-03
  -3.8183427e-03
  -3.2155414e-03
  -2.4898486e-03
  -1.6526795e-03
  -1.6685903e-03
  -2.4504375e-03
  -3.1338714e-03
  -3.7062660e-03
  -4.1572262e-03
  -4.4786839e-03
  -4.6649728e-03
  -4.7128801e-03
  -4.6216757e-03
  -4.3931182e-03
  -4.0314383e-03
  -3.5432984e-03
  -2.9377302e-03
  -2.2260502e-03
  -1.4217528e-03
  -1.7087713e-03
  -2.4588953e-03
  -3.1002329e-03
  -3.6231864e-03
  -4.0204480e-03
  -4.2870585e-03
  -4.4204439e-03
  -4.4204303e-03
  -4.2892352e-03
  -4.0314383e-03
  -3.6539291e-03
  -3.1658335e-03
  -2.5784195e-03
  -1.9049822e-03
  -1.1607102e-03
  -1.6631268e-03
  -2.3613451e-03
  -2.9438596e-03
  -3.4044041e-03
  -3.7389931e-03
  -3.9459399e-03
  -4.0258543e-03
  -3.9816186e-03
  -3.8183427e-03
  -3.5432984e-03
  -3.1658335e-03
  -2.6972670e-03
  -2.1507650e-03
  -1.5411992e-03
  -8.8498904e-04
  -1.5198257e-03
  -2.1472965e-03
  -2.6560388e-03
  -3.0433444e-03
  -3.3087025e-03
  -3.4537775e-03
  -3.4823661e-03
  -3.4003353e-03
  -3.2155414e-03
  -2.9377302e-03
  -2.5784195e-03
  -2.1507650e-03
  -1.6694109e-03
  -1.1503259e-03
  -6.1062513e-04
  -1.2685611e-03
  -1.8081202e-03
  -2.2302021e-03
  -2.5358000e-03
  -2.7279445e-03
  -2.8116401e-03
  -2.7937834e-03
  -2.6830639e-03
  -2.4898486e-03
  -2.2260502e-03
  -1.9049822e-03
  -1.5411992e-03
  -1.1503259e-03
  -7.4887566e-04
  -3.5405911e-04
  -9.0069841e-04
  -1.3371788e-03
  -1.6620343e-03
  -1.8800147e-03
  -1.9976684e-03
  -2.0232383e-03
  -1.9665420e-03
  -1.8388382e-03
  -1.6526795e-03
  -1.4217528e-03
  -1.1607102e-03
  -8.8498904e-04
  -6.1062513e-04
  -3.5405911e-04
  -1.3193799e-04
  -8.9136393e-05
  -3.0053669e-04
  -5.6346016e-04
  -8.5808477e-04
  -1.1646336e-03
  -1.4636165e-03
  -1.7360671e-03
  -1.9637749e-03
  -2.1295092e-03
  -2.2172331e-03
  -2.2123069e-03
  -2.1016782e-03
  -1.8740574e-03
  -1.5200780e-03
  -1.0324384e-03
  -3.0053669e-04
  -6.8245264e-04
  -1.0934415e-03
  -1.5121659e-03
  -1.9177635e-03
  -2.2900939e-03
  -2.6099777e-03
  -2.8594261e-03
  -3.0218584e-03
  -3.0823063e-03
  -3.0276031e-03
  -2.8465559e-03
  -2.5301005e-03
  -2.0714365e-03
  -1.4661416e-03
  -5.6346016e-04
  -1.0934415e-03
  -1.6289112e-03
  -2.1477427e-03
  -2.6287028e-03
  -3.0516964e-03
  -3.3980000e-03
  -3.6504810e-03
  -3.7938026e-03
  -3.8146106e-03
  -3.7017026e-03
  -3.4461774e-03
  -3.0415625e-03
  -2.4839205e-03
  -1.7719316e-03
  -8.5808477e-04
  -1.5121659e-03
  -2.1477427e-03
  -2.7426046e-03
  -3.2758308e-03
  -3.7280262e-03
  -4.0815407e-03
  -4.3206732e-03
  -4.4318556e-03
  -4.4038180e-03
  -4.2277315e-03
  -3.8973296e-03
  -3.4090051e-03
  -2.7618834e-03
  -1.9578700e-03
  -1.1646336e-03
  -1.9177635e-03
  -2.6287028e-03
  -3.2758308e-03
  -3.8391819e-03
  -4.3006640e-03
  -4.6442591e-03
  -4.8562044e-03
  -4.9251510e-03
  -4.8423011e-03
  -4.6015212e-03
  -4.1994307e-03
  -3.6354650e-03
  -2.9119135e-03
  -2.0339300e-03
  -1.4636165e-03
  -2.2900939e-03
  -3.0516964e-03
  -3.7280262e-03
  -4.3006640e-03
  -4.7533650e-03
  -5.0722345e-03
  -5.2458797e-03
  -5.2655399e-03
  -5.1251911e-03
  -4.8216252e-03
  -4.3545039e-03
  -3.7263855e-03
  -2.9427253e-03
  -2.0118491e-03
  -1.7360671e-03
  -2.6099777e-03
  -3.3980000e-03
  -4.0815407e-03
  -4.6442591e-03
  -5.0722345e-03
  -5.3541107e-03
  -5.4812170e-03
  -5.4476634e-03
  -5.2504099e-03
  -4.8893101e-03
  -4.3671279e-03
  -3.6895263e-03
  -2.8650310e-03
  -1.9049661e-03
  -1.9637749e-03
  -2.8594261e-03
  -3.6504810e-03
  -4.3206732e-03
  -4.8562044e-03
  -5.2458797e-03
  -5.4812170e-03
  -5.5565325e-03
  -5.4689987e-03
  -5.2186767e-03
  -4.8085220e-03
  -4.2443628e-03
  -3.5348524e-03
  -2.6913945e-03
  -1.7280433e-03
  -2.1295092e-03
  -3.0218584e-03
  -3.7938026e-03
  -4.4318556e-03
  -4.9251510e-03
  -5.2655399e-03
  -5.4476634e-03
  -5.4689987e-03
  -5.3298794e-03
  -5.0334888e-03
  -4.5858277e-03
  -3.9956547e-03
  -3.2744025e-03
  -2.4360675e-03
  -1.4970763e-03
  -2.2172331e-03
  -3.0823063e-03
  -3.8146106e-03
  -4.4038180e-03
  -4.8423011e-03
  -5.1251911e-03
  -5.2504099e-03
  -5.2186767e-03
  -5.0334888e-03
  -4.7010765e-03
  -4.2303323e-03
  -3.6327167e-03
  -2.9221381e-03
  -2.1148112e-03
  -1.2290924e-03
  -2.2123069e-03
  -3.0276031e-03
  -3.7017026e-03
  -4.2277315e-03
  -4.6015212e-03
  -4.8216252e-03
  -4.8893101e-03
  -4.8085220e-03
  -4.5858277e-03
  -4.2303323e-03
  -3.7535730e-03
  -3.1693898e-03
  -2.4937752e-03
  -1.7447032e-03
  -9.4193860e-04
  -2.1016782e-03
  -2.8465559e-03
  -3.4461774e-03
  -3.8973296e-03
  -4.1994307e-03
  -4.3545039e-03
  -4.3671279e-03
  -4.2443628e-03
  -3.9956547e-03
  -3.6327167e-03
  -3.1693898e-03
  -2.6214837e-03
  -2.0065991e-03
  -1.3439319e-03
  -6.5406257e-04
  -1.8740574e-03
  -2.5301005e-03
  -3.0415625e-03
  -3.4090051e-03
  -3.6354650e-03
  -3.7263855e-03
  -3.6895263e-03
  -3.5348524e-03
  -3.2744025e-03
  -2.9221381e-03
  -2.4937752e-03
  -2.0065991e-03
  -1.4792641e-03
  -9.3158008e-04
  -3.8428671e-04
  -1.5200780e-03
  -2.0714365e-03
  -2.4839205e-03
  -2.7618834e-03
  -2.9119135e-03
  -2.9427253e-03
  -2.8650310e-03
  -2.6913945e-03
  -2.4360675e-03
  -2.1148112e-03
  -1.7447032e-03
  -1.3439319e-03
  -9.3158008e-04
  -5.2739959e-04
  -1.5157805e-04
  -1.0324384e-03
  -1.4661416e-03
  -1.7719316e-03
  -1.9578700e-03
  -2.0339300e-03
  -2.0118491e-03
  -1.9049661e-03
  -1.7280433e-03
  -1.4970763e-03
  -1.2290924e-03
  -9.4193860e-04
  -6.5406257e-04
  -3.8428671e-04
  -1.5157805e-04
   2.5184431e-05
  -2.8371799e-04
  -5.9200974e-04
  -9.3861534e-04
  -1.3019809e-03
  -1.6609391e-03
  -1.9949640e-03
  -2.2844177e-03
  -2.5107885e-03
  -2.6569174e-03
  -2.7072111e-03
  -2.6478410e-03
  -2.4669254e-03
  -2.1546932e-03
  -1.7036292e-03
  -1.1085982e-03
  -5.9200974e-04
  -1.0790176e-03
  -1.5762857e-03
  -2.0613350e-03
  -2.5125634e-03
  -2.9094979e-03
  -3.2330337e-03
  -3.4656612e-03
  -3.5916762e-03
  -3.5973737e-03
  -3.4712228e-03
  -3.2040211e-03
  -2.7890279e-03
  -2.2220750e-03
  -1.5016533e-03
  -9.3861534e-04
  -1.5762857e-03
  -2.1959591e-03
  -2.7749984e-03
  -3.2921051e-03
  -3.7275609e-03
  -4.0634523e-03
  -4.2838788e-03
  -4.3751408e-03
  -4.3259071e-03
  -4.1273610e-03
  -3.7733219e-03
  -3.2603433e-03
  -2.5877860e-03
  -1.7578643e-03
  -1.3019809e-03
  -2.0613350e-03
  -2.7749984e-03
  -3.4209007e-03
  -3.9787336e-03
  -4.4301738e-03
  -4.7590872e-03
  -4.9517110e-03
  -4.9968141e-03
  -4.8858336e-03
  -4.6129864e-03
  -4.1753553e-03
  -3.5729482e-03
  -2.8087309e-03
  -1.8886323e-03
  -1.6609391e-03
  -2.5125634e-03
  -3.2921051e-03
  -3.9787336e-03
  -4.5537554e-03
  -5.0008134e-03
  -5.3060621e-03
  -5.4583206e-03
  -5.4491994e-03
  -5.2732020e-03
  -4.9277991e-03
  -4.4134753e-03
  -3.7337489e-03
  -2.8951621e-03
  -1.9072444e-03
  -1.9949640e-03
  -2.9094979e-03
  -3.7275609e-03
  -4.4301738e-03
  -5.0008134e-03
  -5.4255806e-03
  -5.6933444e-03
  -5.7958588e-03
  -5.7278539e-03
  -5.4870988e-03
  -5.0744359e-03
  -4.4937875e-03
  -3.7521338e-03
  -2.8594619e-03
  -1.8286872e-03
  -2.2844177e-03
  -3.2330337e-03
  -4.0634523e-03
  -4.7590872e-03
  -5.3060621e-03
  -5.6933444e-03
  -5.9128518e-03
  -5.9595324e-03
  -5.8314146e-03
  -5.5296310e-03
  -5.0584115e-03
  -4.4250487e-03
  -3.6398348e-03
  -2.7159699e-03
  -1.6694441e-03
  -2.5107885e-03
  -3.4656612e-03
  -4.2838788e-03
  -4.9517110e-03
  -5.4583206e-03
  -5.7958588e-03
  -5.9595324e-03
  -5.9476426e-03
  -5.7615951e-03
  -5.4058817e-03
  -4.8880331e-03
  -4.2185435e-03
  -3.4107681e-03
  -2.4807931e-03
  -1.4472800e-03
  -2.6569174e-03
  -3.5916762e-03
  -4.3751408e-03
  -4.9968141e-03
  -5.4491994e-03
  -5.7278539e-03
  -5.8314146e-03
  -5.7615951e-03
  -5.5231544e-03
  -5.1238375e-03
  -4.5742886e-03
  -3.8879365e-03
  -3.0808555e-03
  -2.1715998e-03
  -1.1810147e-03
  -2.7072111e-03
  -3.5973737e-03
  -4.3259071e-03
  -4.8858336e-03
  -5.2732020e-03
  -5.4870988e-03
  -5.5296310e-03
  -5.4058817e-03
  -5.1238375e-03
  -4.6942902e-03
  -4.1307116e-03
  -3.4491039e-03
  -2.6678264e-03
  -1.8073991e-03
  -8.9028617e-04
  -2.6478410e-03
  -3.4712228e-03
  -4.1273610e-03
  -4.6129864e-03
  -4.9277991e-03
  -5.0744359e-03
  -5.0584115e-03
  -4.8880331e-03
  -4.5742886e-03
  -4.1307116e-03
  -3.5732219e-03
  -2.9199438e-03
  -2.1910038e-03
  -1.4083088e-03
  -5.9530696e-04
  -2.4669254e-03
  -3.2040211e-03
  -3.7733219e-03
  -4.1753553e-03
  -4.4134753e-03
  -4.4937875e-03
  -4.4250487e-03
  -4.2185435e-03
  -3.8879365e-03
  -3.4491039e-03
  -2.9199438e-03
  -2.3201677e-03
  -1.6710749e-03
  -9.9531124e-04
  -3.1661415e-04
  -2.1546932e-03
  -2.7890279e-03
  -3.2603433e-03
  -3.5729482e-03
  -3.7337489e-03
  -3.7521338e-03
  -3.6398348e-03
  -3.4107681e-03
  -3.0808555e-03
  -2.6678264e-03
  -2.1910038e-03
  -1.6710749e-03
  -1.1298486e-03
  -5.9000182e-04
  -7.4816099e-05
  -1.7036292e-03
  -2.2220750e-03
  -2.5877860e-03
  -2.8087309e-03
  -2.8951621e-03
  -2.8594619e-03
  -2.7159699e-03
  -2.4807931e-03
  -2.1715998e-03
  -1.8073991e-03
  -1.4083088e-03
  -9.9531124e-04
  -5.9000182e-04
  -2.1433027e-04
   1.0966256e-04
  -1.1085982e-03
  -1.5016533e-03
  -1.7578643e-03
  -1.8886323e-03
  -1.9072444e-03
  -1.8286872e-03
  -1.6694441e-03
  -1.4472800e-03
  -1.1810147e-03
  -8.9028617e-04
  -5.9530696e-04
  -3.1661415e-04
  -7.4816099e-05
   1.0966256e-04
   2.1683545e-04
  -4.8701882e-04
  -8.8545125e-04
  -1.3051440e-03
  -1.7238710e-03
  -2.1201525e-03
  -2.4735094e-03
  -2.7647067e-03
  -2.9759841e-03
  -3.0912720e-03
  -3.0963915e-03
  -2.9792362e-03
  -2.7299344e-03
  -2.3409913e-03
  -1.8074078e-03
  -1.1267781e-03
  -8.8545125e-04
  -1.4594037e-03
  -2.0222882e-03
  -2.5516630e-03
  -3.0263555e-03
  -3.4267050e-03
  -3.7347890e-03
  -3.9346338e-03
  -4.0124050e-03
  -3.9565787e-03
  -3.7580897e-03
  -3.4104585e-03
  -2.9098926e-03
  -2.2553641e-03
  -1.4486611e-03
  -1.3051440e-03
  -2.0222882e-03
  -2.6968461e-03
  -3.3069226e-03
  -3.8323698e-03
  -4.2550103e-03
  -4.5588404e-03
  -4.7302131e-03
  -4.7579981e-03
  -4.6337180e-03
  -4.3516608e-03
  -3.9089651e-03
  -3.3056799e-03
  -2.5447975e-03
  -1.6322580e-03
  -1.7238710e-03
  -2.5516630e-03
  -3.3069226e-03
  -3.9690024e-03
  -4.5194264e-03
  -4.9420866e-03
  -5.2234176e-03
  -5.3525462e-03
  -5.3214166e-03
  -5.1248879e-03
  -4.7608059e-03
  -4.2300464e-03
  -3.5365299e-03
  -2.6872093e-03
  -1.6920281e-03
  -2.1201525e-03
  -3.0263555e-03
  -3.8323698e-03
  -4.5194264e-03
  -5.0712890e-03
  -5.4744195e-03
  -5.7181174e-03
  -5.7946334e-03
  -5.6992541e-03
  -5.4303600e-03
  -4.9894531e-03
  -4.3811571e-03
  -3.6131874e-03
  -2.6962929e-03
  -1.6441690e-03
  -2.4735094e-03
  -3.4267050e-03
  -4.2550103e-03
  -4.9420866e-03
  -5.4744195e-03
  -5.8414482e-03
  -6.0356671e-03
  -6.0526984e-03
  -5.8913357e-03
  -5.5535589e-03
  -5.0445183e-03
  -4.3724906e-03
  -3.5488049e-03
  -2.5877402e-03
  -1.5063954e-03
  -2.7647067e-03
  -3.7347890e-03
  -4.5588404e-03
  -5.2234176e-03
  -5.7181174e-03
  -6.0356671e-03
  -6.1719838e-03
  -6.1262055e-03
  -5.9006913e-03
  -5.5009928e-03
  -4.9357954e-03
  -4.2168306e-03
  -3.3587596e-03
  -2.3790302e-03
  -1.2977060e-03
  -2.9759841e-03
  -3.9346338e-03
  -4.7302131e-03
  -5.3525462e-03
  -5.7946334e-03
  -6.0526984e-03
  -6.1262055e-03
  -6.0178469e-03
  -5.7335002e-03
  -5.2821565e-03
  -4.6758200e-03
  -3.9293793e-03
  -3.0604520e-03
  -2.0892030e-03
  -1.0381386e-03
  -3.0912720e-03
  -4.0124050e-03
  -4.7579981e-03
  -5.3214166e-03
  -5.6992541e-03
  -5.8913357e-03
  -5.9006913e-03
  -5.7335002e-03
  -5.3990065e-03
  -4.9094063e-03
  -4.2797077e-03
  -3.5275646e-03
  -2.6730853e-03
  -1.7386186e-03
  -7.4851710e-04
  -3.0963915e-03
  -3.9565787e-03
  -4.6337180e-03
  -5.1248879e-03
  -5.4303600e-03
  -5.5535589e-03
  -5.5009928e-03
  -5.2821565e-03
  -4.9094063e-03
  -4.3978100e-03
  -3.7649702e-03
  -3.0308255e-03
  -2.2174287e-03
  -1.3487046e-03
  -4.5019018e-04
  -2.9792362e-03
  -3.7580897e-03
  -4.3516608e-03
  -4.7608059e-03
  -4.9894531e-03
  -5.0445183e-03
  -4.9357954e-03
  -4.6758200e-03
  -4.2797077e-03
  -3.7649702e-03
  -3.1513074e-03
  -2.4603808e-03
  -1.7155667e-03
  -9.4169400e-04
  -1.6476649e-04
  -2.7299344e-03
  -3.4104585e-03
  -3.9089651e-03
  -4.2300464e-03
  -4.3811571e-03
  -4.3724906e-03
  -4.2168306e-03
  -3.9293793e-03
  -3.5275646e-03
  -3.0308255e-03
  -2.4603808e-03
  -1.8389789e-03
  -1.1906352e-03
  -5.4035493e-04
   8.6153634e-05
  -2.3409913e-03
  -2.9098926e-03
  -3.3056799e-03
  -3.5365299e-03
  -3.6131874e-03
  -3.5488049e-03
  -3.3587596e-03
  -3.0604520e-03
  -2.6730853e-03
  -2.2174287e-03
  -1.7155667e-03
  -1.1906352e-03
  -6.6654822e-04
  -1.6771509e-04
   2.8124676e-04
  -1.8074078e-03
  -2.2553641e-03
  -2.5447975e-03
  -2.6872093e-03
  -2.6962929e-03
  -2.5877402e-03
  -2.3790302e-03
  -2.0892030e-03
  -1.7386186e-03
  -1.3487046e-03
  -9.4169400e-04
  -5.4035493e-04
  -1.6771509e-04
   1.5321722e-04
   3.9973326e-04
  -1.1267781e-03
  -1.4486611e-03
  -1.6322580e-03
  -1.6920281e-03
  -1.6441690e-03
  -1.5063954e-03
  -1.2977060e-03
  -1.0381386e-03
  -7.4851710e-04
  -4.5019018e-04
  -1.6476649e-04
   8.6153634e-05
   2.8124676e-04
   3.9973326e-04
   4.2164044e-04
  -6.7784602e-04
  -1.1510389e-03
  -1.6264631e-03
  -2.0823018e-03
  -2.4978259e-03
  -2.8536349e-03
  -3.1318844e-03
  -3.3164977e-03
  -3.3933603e-03
  -3.3504947e-03
  -3.1782163e-03
  -2.8692663e-03
  -2.4189227e-03
  -1.8250878e-03
  -1.0883504e-03
  -1.1510389e-03
  -1.7864022e-03
  -2.3889753e-03
  -2.9374887e-03
  -3.4122873e-03
  -3.7955513e-03
  -4.0714974e-03
  -4.2265617e-03
  -4.2495601e-03
  -4.1318269e-03
  -3.8673289e-03
  -3.4527557e-03
  -2.8875843e-03
  -2.1741169e-03
  -1.3174934e-03
  -1.6264631e-03
  -2.3889753e-03
  -3.0854964e-03
  -3.6960195e-03
  -4.2026199e-03
  -4.5896479e-03
  -4.8438998e-03
  -4.9547651e-03
  -4.9143496e-03
  -4.7175727e-03
  -4.3622381e-03
  -3.8490780e-03
  -3.1817699e-03
  -2.3669256e-03
  -1.4140528e-03
  -2.0823018e-03
  -2.9374887e-03
  -3.6960195e-03
  -4.3397875e-03
  -4.8531684e-03
  -5.2231803e-03
  -5.4396188e-03
  -5.4951654e-03
  -5.3854686e-03
  -5.1091983e-03
  -4.6680707e-03
  -4.0668457e-03
  -3.3132957e-03
  -2.4181460e-03
  -1.3949874e-03
  -2.4978259e-03
  -3.4122873e-03
  -4.2026199e-03
  -4.8531684e-03
  -5.3510868e-03
  -5.6864608e-03
  -5.8524032e-03
  -5.8451198e-03
  -5.6639477e-03
  -5.3113640e-03
  -4.7929649e-03
  -4.1174165e-03
  -3.2963765e-03
  -2.3443879e-03
  -1.2787448e-03
  -2.8536349e-03
  -3.7955513e-03
  -4.5896479e-03
  -5.2231803e-03
  -5.6864608e-03
  -5.9729405e-03
  -6.0792615e-03
  -6.0052798e-03
  -5.7540588e-03
  -5.3318322e-03
  -4.7479382e-03
  -4.0147246e-03
  -3.1474260e-03
  -2.1640133e-03
  -1.0850169e-03
  -3.1318844e-03
  -4.0714974e-03
  -4.8438998e-03
  -5.4396188e-03
  -5.8524032e-03
  -6.0792615e-03
  -6.1204710e-03
  -5.9795561e-03
  -5.6632369e-03
  -5.1813484e-03
  -4.5467303e-03
  -3.7750901e-03
  -2.8848377e-03
  -1.8968959e-03
  -8.3448527e-04
  -3.3164977e-03
  -4.2265617e-03
  -4.9547651e-03
  -5.4951654e-03
  -5.8451198e-03
  -6.0052798e-03
  -5.9795561e-03
  -5.7750526e-03
  -5.4019722e-03
  -4.8734937e-03
  -4.2056210e-03
  -3.4170065e-03
  -2.5287488e-03
  -1.5641680e-03
  -5.4855844e-04
  -3.3933603e-03
  -4.2495601e-03
  -4.9143496e-03
  -5.3854686e-03
  -5.6639477e-03
  -5.7540588e-03
  -5.6632369e-03
  -5.4019722e-03
  -4.9836748e-03
  -4.4245130e-03
  -3.7432254e-03
  -2.9609096e-03
  -2.1007884e-03
  -1.1879556e-03
  -2.4910281e-04
  -3.3504947e-03
  -4.1318269e-03
  -4.7175727e-03
  -5.1091983e-03
  -5.3113640e-03
  -5.3318322e-03
  -5.1813484e-03
  -4.8734937e-03
  -4.4245130e-03
  -3.8531179e-03
  -3.1802676e-03
  -2.4289280e-03
  -1.6238126e-03
  -7.9110551e-04
   4.1829766e-05
  -3.1782163e-03
  -3.8673289e-03
  -4.3622381e-03
  -4.6680707e-03
  -4.7929649e-03
  -4.7479382e-03
  -4.5467303e-03
  -4.2056210e-03
  -3.7432254e-03
  -3.1802676e-03
  -2.5393358e-03
  -1.8446188e-03
  -1.1216280e-03
  -3.9690590e-04
   3.0227628e-04
  -2.8692663e-03
  -3.4527557e-03
  -3.8490780e-03
  -4.0668457e-03
  -4.1174165e-03
  -4.0147246e-03
  -3.7750901e-03
  -3.4170065e-03
  -2.9609096e-03
  -2.4289280e-03
  -1.8446188e-03
  -1.2326890e-03
  -6.1870653e-04
  -2.8802076e-05
   5.1063609e-04
  -2.4189227e-03
  -2.8875843e-03
  -3.1817699e-03
  -3.3132957e-03
  -3.2963765e-03
  -3.1474260e-03
  -2.8848377e-03
  -2.5287488e-03
  -2.1007884e-03
  -1.6238126e-03
  -1.1216280e-03
  -6.1870653e-04
  -1.3989342e-04
   2.8988939e-04
   6.4594162e-04
  -1.8250878e-03
  -2.1741169e-03
  -2.3669256e-03
  -2.4181460e-03
  -2.3443879e-03
  -2.1640133e-03
  -1.8968959e-03
  -1.5641680e-03
  -1.1879556e-03
  -7.9110551e-04
  -3.9690590e-04
  -2.8802076e-05
   2.8988939e-04
   5.3626632e-04
   6.8812406e-04
  -1.0883504e-03
  -1.3174934e-03
  -1.4140528e-03
  -1.3949874e-03
  -1.2787448e-03
  -1.0850169e-03
  -8.3448527e-04
  -5.4855844e-04
  -2.4910281e-04
   4.1829766e-05
   3.0227628e-04
   5.1063609e-04
   6.4594162e-04
   6.8812406e-04
   6.1827178e-04
  -8.3619292e-04
  -1.3612616e-03
  -1.8695272e-03
  -2.3406145e-03
  -2.7555238e-03
  -3.0968475e-03
  -3.3489703e-03
  -3.4982521e-03
  -3.5331915e-03
  -3.4445685e-03
  -3.2255654e-03
  -2.8718659e-03
  -2.3817295e-03
  -1.7560424e-03
  -9.9834342e-04
  -1.3612616e-03
  -2.0268190e-03
  -2.6395898e-03
  -3.1804965e-03
  -3.6323409e-03
  -3.9799916e-03
  -4.2105515e-03
  -4.3135039e-03
  -4.2808357e-03
  -4.1071362e-03
  -3.7896730e-03
  -3.3284406e-03
  -2.7261852e-03
  -1.9884025e-03
  -1.1233103e-03
  -1.8695272e-03
  -2.6395898e-03
  -3.3236287e-03
  -3.9044947e-03
  -4.3673504e-03
  -4.6998239e-03
  -4.8921390e-03
  -4.9372202e-03
  -4.8307727e-03
  -4.5713358e-03
  -4.1603101e-03
  -3.6019580e-03
  -2.9033766e-03
  -2.0744448e-03
  -1.1277432e-03
  -2.3406145e-03
  -3.1804965e-03
  -3.9044947e-03
  -4.4979276e-03
  -4.9487819e-03
  -5.2478276e-03
  -5.3887071e-03
  -5.3679970e-03
  -5.1852428e-03
  -4.8429655e-03
  -4.3466407e-03
  -3.7046498e-03
  -2.9282046e-03
  -2.0312440e-03
  -1.0303059e-03
  -2.7555238e-03
  -3.6323409e-03
  -4.3673504e-03
  -4.9487819e-03
  -5.3678084e-03
  -5.6186197e-03
  -5.6984681e-03
  -5.6076856e-03
  -5.3496724e-03
  -4.9308569e-03
  -4.3606273e-03
  -3.6512365e-03
  -2.8176786e-03
  -1.8775407e-03
  -8.5082941e-04
  -3.0968475e-03
  -3.9799916e-03
  -4.6998239e-03
  -5.2478276e-03
  -5.6186197e-03
  -5.8099812e-03
  -5.8228584e-03
  -5.6613349e-03
  -5.3325744e-03
  -4.8467353e-03
  -4.2168577e-03
  -3.4587228e-03
  -2.5906877e-03
  -1.6334940e-03
  -6.1005512e-04
  -3.3489703e-03
  -4.2105515e-03
  -4.8921390e-03
  -5.3887071e-03
  -5.6984681e-03
  -5.8228584e-03
  -5.7664955e-03
  -5.5371052e-03
  -5.1454212e-03
  -4.6050563e-03
  -3.9323471e-03
  -3.1461740e-03
  -2.2677557e-03
  -1.3204232e-03
  -3.2937100e-04
  -3.4982521e-03
  -4.3135039e-03
  -4.9372202e-03
  -5.3679970e-03
  -5.6076856e-03
  -5.6613349e-03
  -5.5371052e-03
  -5.2461534e-03
  -4.8024909e-03
  -4.2228159e-03
  -3.5263201e-03
  -2.7344727e-03
  -1.8707822e-03
  -9.6053975e-04
  -3.0542876e-05
  -3.5331915e-03
  -4.2808357e-03
  -4.8307727e-03
  -5.1852428e-03
  -5.3496724e-03
  -5.3325744e-03
  -5.1454212e-03
  -4.8024909e-03
  -4.3206879e-03
  -3.7193398e-03
  -3.0199719e-03
  -2.2460612e-03
  -1.4227713e-03
  -5.7667206e-04
   2.6455684e-04
  -3.4445685e-03
  -4.1071362e-03
  -4.5713358e-03
  -4.8429655e-03
  -4.9308569e-03
  -4.8467353e-03
  -4.6050563e-03
  -4.2228159e-03
  -3.7193398e-03
  -3.1160499e-03
  -2.4362125e-03
  -1.7046690e-03
  -9.4755132e-04
  -1.9198456e-04
   5.3422093e-04
  -3.2255654e-03
  -3.7896730e-03
  -4.1603101e-03
  -4.3466407e-03
  -4.3606273e-03
  -4.2168577e-03
  -3.9323471e-03
  -3.5263201e-03
  -3.0199719e-03
  -2.4362125e-03
  -1.7993947e-03
  -1.1350289e-03
  -4.6948654e-04
   1.7030559e-04
   7.5717737e-04
  -2.8718659e-03
  -3.3284406e-03
  -3.6019580e-03
  -3.7046498e-03
  -3.6512365e-03
  -3.4587228e-03
  -3.1461740e-03
  -2.7344727e-03
  -2.2460612e-03
  -1.7046690e-03
  -1.1350289e-03
  -5.6258339e-04
  -1.3184300e-05
   4.8721264e-04
   9.1285534e-04
  -2.3817295e-03
  -2.7261852e-03
  -2.9033766e-03
  -2.9282046e-03
  -2.8176786e-03
  -2.5906877e-03
  -2.2677557e-03
  -1.8707822e-03
  -1.4227713e-03
  -9.4755132e-04
  -4.6948654e-04
  -1.3184300e-05
   3.9680110e-04
   7.3626469e-04
   9.8164517e-04
  -1.7560424e-03
  -1.9884025e-03
  -2.0744448e-03
  -2.0312440e-03
  -1.8775407e-03
  -1.6334940e-03
  -1.3204232e-03
  -9.6053975e-04
  -5.7667206e-04
  -1.9198456e-04
   1.7030559e-04
   4.8721264e-04
   7.3626469e-04
   8.9578216e-04
   9.4515004e-04
  -9.9834342e-04
  -1.1233103e-03
  -1.1277432e-03
  -1.0303059e-03
  -8.5082941e-04
  -6.1005512e-04
  -3.2937100e-04
  -3.0542876e-05
   2.6455684e-04
   5.3422093e-04
   7.5717737e-04
   9.1285534e-04
   9.8164517e-04
   9.4515004e-04
   7.8642740e-04
  -9.4416423e-04
  -1.4921875e-03
  -2.0063474e-03
  -2.4686258e-03
  -2.8625823e-03
  -3.1735376e-03
  -3.3887386e-03
  -3.4975047e-03
  -3.4913548e-03
  -3.3641119e-03
  -3.1119867e-03
  -2.7336382e-03
  -2.2302116e-03
  -1.6053515e-03
  -8.6519279e-04
  -1.4921875e-03
  -2.1529947e-03
  -2.7447673e-03
  -3.2514586e-03
  -3.6590554e-03
  -3.9557264e-03
  -4.1319482e-03
  -4.1806100e-03
  -4.0970944e-03
  -3.8793356e-03
  -3.5278531e-03
  -3.0457603e-03
  -2.4387499e-03
  -1.7150536e-03
  -8.8537889e-04
  -2.0063474e-03
  -2.7447673e-03
  -3.3824918e-03
  -3.9059597e-03
  -4.3040213e-03
  -4.5680471e-03
  -4.6920120e-03
  -4.6725558e-03
  -4.5090173e-03
  -4.2034441e-03
  -3.7605767e-03
  -3.1878074e-03
  -2.4951132e-03
  -1.6949661e-03
  -8.0221723e-04
  -2.4686258e-03
  -3.2514586e-03
  -3.9059597e-03
  -4.4214700e-03
  -4.7900374e-03
  -5.0064841e-03
  -5.0684466e-03
  -4.9763905e-03
  -4.7335984e-03
  -4.3461313e-03
  -3.8227646e-03
  -3.1748982e-03
  -2.4164425e-03
  -1.5636791e-03
  -6.3510033e-04
  -2.8625823e-03
  -3.6590554e-03
  -4.3040213e-03
  -4.7900374e-03
  -5.1125799e-03
  -5.2700669e-03
  -5.2638548e-03
  -5.0982066e-03
  -4.7802343e-03
  -4.3198140e-03
  -3.7294760e-03
  -3.0242697e-03
  -2.2216046e-03
  -1.3410690e-03
  -4.0422686e-04
  -3.1735376e-03
  -3.9557264e-03
  -4.5680471e-03
  -5.0064841e-03
  -5.2700669e-03
  -5.3608496e-03
  -5.2838623e-03
  -5.0470360e-03
  -4.6611001e-03
  -4.1394545e-03
  -3.4980171e-03
  -2.7550470e-03
  -1.9309466e-03
  -1.0480421e-03
  -1.3034526e-04
  -3.3887386e-03
  -4.1319482e-03
  -4.6920120e-03
  -5.0684466e-03
  -5.2638548e-03
  -5.2838623e-03
  -5.1370266e-03
  -4.8347191e-03
  -4.3909822e-03
  -3.8223614e-03
  -3.1477143e-03
  -2.3879982e-03
  -1.5660373e-03
  -7.0627240e-04
   1.6550618e-04
  -3.4975047e-03
  -4.1806100e-03
  -4.6725558e-03
  -4.9763905e-03
  -5.0982066e-03
  -5.0470360e-03
  -4.8347191e-03
  -4.4757482e-03
  -3.9870874e-03
  -3.3879695e-03
  -2.6996722e-03
  -1.9452749e-03
  -1.1493989e-03
  -3.3793187e-04
   4.6226081e-04
  -3.4913548e-03
  -4.0970944e-03
  -4.5090173e-03
  -4.7335984e-03
  -4.7802343e-03
  -4.6611001e-03
  -4.3909822e-03
  -3.9870874e-03
  -3.4688304e-03
  -2.8576011e-03
  -2.1765139e-03
  -1.4501410e-03
  -7.0423133e-04
   3.4582000e-05
   7.3908427e-04
  -3.3641119e-03
  -3.8793356e-03
  -4.2034441e-03
  -4.3461313e-03
  -4.3198140e-03
  -4.1394545e-03
  -3.8223614e-03
  -3.3879695e-03
  -2.8576011e-03
  -2.2542096e-03
  -1.6021093e-03
  -9.2669134e-04
  -2.5412986e-04
   3.8892048e-04
   9.7563253e-04
  -3.1119867e-03
  -3.5278531e-03
  -3.7605767e-03
  -3.8227646e-03
  -3.7294760e-03
  -3.4980171e-03
  -3.1477143e-03
  -2.6996722e-03
  -2.1765139e-03
  -1.6021093e-03
  -1.0012914e-03
  -3.9956358e-04
   1.7719977e-04
   7.0305702e-04
   1.1523050e-03
  -2.7336382e-03
  -3.0457603e-03
  -3.1878074e-03
  -3.1748982e-03
  -3.0242697e-03
  -2.7550470e-03
  -2.3879982e-03
  -1.9452749e-03
  -1.4501410e-03
  -9.2669134e-04
  -3.9956358e-04
   1.0635580e-04
   5.6622780e-04
   9.5555780e-04
   1.2504906e-03
  -2.2302116e-03
  -2.4387499e-03
  -2.4951132e-03
  -2.4164425e-03
  -2.2216046e-03
  -1.9309466e-03
  -1.5660373e-03
  -1.1493989e-03
  -7.0423133e-04
  -2.5412986e-04
   1.7719977e-04
   5.6622780e-04
   8.8988555e-04
   1.1258471e-03
   1.2528052e-03
  -1.6053515e-03
  -1.7150536e-03
  -1.6949661e-03
  -1.5636791e-03
  -1.3410690e-03
  -1.0480421e-03
  -7.0627240e-04
  -3.3793187e-04
   3.4582000e-05
   3.8892048e-04
   7.0305702e-04
   9.5555780e-04
   1.1258471e-03
   1.1944654e-03
   1.1433182e-03
  -8.6519279e-04
  -8.8537889e-04
  -8.0221723e-04
  -6.3510033e-04
  -4.0422686e-04
  -1.3034526e-04
   1.6550618e-04
   4.6226081e-04
   7.3908427e-04
   9.7563253e-04
   1.1523050e-03
   1.2504906e-03
   1.2528052e-03
   1.1433182e-03
   9.0776575e-04
  -9.8682341e-04
  -1.5245993e-03
  -2.0153242e-03
  -2.4440715e-03
  -2.7975826e-03
  -3.0644104e-03
  -3.2350442e-03
  -3.3020162e-03
  -3.2599876e-03
  -3.1058153e-03
  -2.8385966e-03
  -2.4596937e-03
  -1.9727354e-03
  -1.3835984e-03
  -7.0036625e-04
  -1.5245993e-03
  -2.1441218e-03
  -2.6839425e-03
  -3.1316435e-03
  -3.4768633e-03
  -3.7114000e-03
  -3.8292944e-03
  -3.8268903e-03
  -3.7028746e-03
  -3.4582937e-03
  -3.0965487e-03
  -2.6233676e-03
  -2.0467556e-03
  -1.3769242e-03
  -6.2619806e-04
  -2.0153242e-03
  -2.6839425e-03
  -3.2442526e-03
  -3.6867213e-03
  -4.0041790e-03
  -4.1918810e-03
  -4.2475459e-03
  -4.1713709e-03
  -3.9660239e-03
  -3.6366123e-03
  -3.1906290e-03
  -2.6378759e-03
  -1.9903654e-03
  -1.2622008e-03
  -4.6943608e-04
  -2.4440715e-03
  -3.1316435e-03
  -3.6867213e-03
  -4.1029329e-03
  -4.3764947e-03
  -4.5062294e-03
  -4.4935599e-03
  -4.3424795e-03
  -4.0594980e-03
  -3.6535641e-03
  -3.1359651e-03
  -2.5202054e-03
  -1.8218624e-03
  -1.0584238e-03
  -2.4910550e-04
  -2.7975826e-03
  -3.4768633e-03
  -4.0041790e-03
  -4.3764947e-03
  -4.5935055e-03
  -4.6576117e-03
  -4.5738693e-03
  -4.3499161e-03
  -3.9958740e-03
  -3.5242279e-03
  -2.9496839e-03
  -2.2890049e-03
  -1.5608279e-03
  -7.8546246e-04
   1.5327009e-05
  -3.0644104e-03
  -3.7114000e-03
  -4.1918810e-03
  -4.5062294e-03
  -4.6576117e-03
  -4.6519187e-03
  -4.4976735e-03
  -4.2059167e-03
  -3.7900679e-03
  -3.2657655e-03
  -2.6506863e-03
  -1.9643453e-03
  -1.2278787e-03
  -4.6381034e-04
   3.0419581e-04
  -3.2350442e-03
  -3.8292944e-03
  -4.2475459e-03
  -4.4935599e-03
  -4.5738693e-03
  -4.4976735e-03
  -4.2767071e-03
  -3.9250872e-03
  -3.4591389e-03
  -2.8971997e-03
  -2.2594071e-03
  -1.5674672e-03
  -8.4441020e-04
  -1.1433122e-04
   5.9787912e-04
  -3.3020162e-03
  -3.8268903e-03
  -4.1713709e-03
  -4.3424795e-03
  -4.3499161e-03
  -4.2059167e-03
  -3.9250872e-03
  -3.5242174e-03
  -3.0220743e-03
  -2.4391781e-03
  -1.7975625e-03
  -1.1205195e-03
  -4.3233323e-04
   2.4199673e-04
   8.7704024e-04
  -3.2599876e-03
  -3.7028746e-03
  -3.9660239e-03
  -4.0594980e-03
  -3.9958740e-03
  -3.7900679e-03
  -3.4591389e-03
  -3.0220743e-03
  -2.4995575e-03
  -1.9137210e-03
  -1.2878859e-03
  -6.4629014e-04
  -1.3808056e-05
   5.8433710e-04
   1.1228652e-03
  -3.1058153e-03
  -3.4582937e-03
  -3.6366123e-03
  -3.6535641e-03
  -3.5242279e-03
  -3.2657655e-03
  -2.8971997e-03
  -2.4391781e-03
  -1.9137210e-03
  -1.3439582e-03
  -7.5385528e-04
  -1.6793215e-04
   3.8902400e-04
   8.9224932e-04
   1.3172948e-03
  -2.8385966e-03
  -3.0965487e-03
  -3.1906290e-03
  -3.1359651e-03
  -2.9496839e-03
  -2.6506863e-03
  -2.2594071e-03
  -1.7975625e-03
  -1.2878859e-03
  -7.5385528e-04
  -2.1941373e-04
   2.9131415e-04
   7.5430825e-04
   1.1459387e-03
   1.4432495e-03
  -2.4596937e-03
  -2.6233676e-03
  -2.6378759e-03
  -2.5202054e-03
  -2.2890049e-03
  -1.9643453e-03
  -1.5674672e-03
  -1.1205195e-03
  -6.4629014e-04
  -1.6793215e-04
   2.9131415e-04
   7.0839930e-04
   1.0607416e-03
   1.3265007e-03
   1.4848449e-03
  -1.9727354e-03
  -2.0467556e-03
  -1.9903654e-03
  -1.8218624e-03
  -1.5608279e-03
  -1.2278787e-03
  -8.4441020e-04
  -4.3233323e-04
  -1.3808056e-05
   3.8902400e-04
   7.5430825e-04
   1.0607416e-03
   1.2878331e-03
   1.4161567e-03
   1.4275966e-03
  -1.3835984e-03
  -1.3769242e-03
  -1.2622008e-03
  -1.0584238e-03
  -7.8546246e-04
  -4.6381034e-04
  -1.1433122e-04
   2.4199673e-04
   5.8433710e-04
   8.9224932e-04
   1.1459387e-03
   1.3265007e-03
   1.4161567e-03
   1.3984803e-03
   1.2586118e-03
  -7.0036625e-04
  -6.2619806e-04
  -4.6943608e-04
  -2.4910550e-04
   1.5327009e-05
   3.0419581e-04
   5.9787912e-04
   8.7704024e-04
   1.1228652e-03
   1.3172948e-03
   1.4432495e-03
   1.4848449e-03
   1.4275966e-03
   1.2586118e-03
   9.6676731e-04
  -9.5293526e-04
  -1.4449628e-03
  -1.8823521e-03
  -2.2537655e-03
  -2.5494914e-03
  -2.7615442e-03
  -2.8837475e-03
  -2.9117999e-03
  -2.8433228e-03
  -2.6778897e-03
  -2.4170367e-03
  -2.0642547e-03
  -1.6249627e-03
  -1.1064622e-03
  -5.1787425e-04
  -1.4449628e-03
  -1.9873174e-03
  -2.4464390e-03
  -2.8138483e-03
  -3.0829977e-03
  -3.2493299e-03
  -3.3103173e-03
  -3.2654823e-03
  -3.1163981e-03
  -2.8666704e-03
  -2.5218991e-03
  -2.0896222e-03
  -1.5792401e-03
  -1.0019227e-03
  -3.7049885e-04
  -1.8823521e-03
  -2.4464390e-03
  -2.9029907e-03
  -3.2466121e-03
  -3.4740670e-03
  -3.5842938e-03
  -3.5784016e-03
  -3.4596463e-03
  -3.2333853e-03
  -2.9070143e-03
  -2.4898834e-03
  -1.9931959e-03
  -1.4298883e-03
  -8.1449442e-04
  -1.6299307e-04
  -2.2537655e-03
  -2.8138483e-03
  -3.2466121e-03
  -3.5498773e-03
  -3.7237715e-03
  -3.7707040e-03
  -3.6953197e-03
  -3.5044316e-03
  -3.2069338e-03
  -2.8136952e-03
  -2.3374346e-03
  -1.7925779e-03
  -1.1951002e-03
  -5.6235092e-04
   8.7133100e-05
  -2.5494914e-03
  -3.0829977e-03
  -3.4740670e-03
  -3.7237715e-03
  -3.8355633e-03
  -3.8152089e-03
  -3.6707022e-03
  -3.4121579e-03
  -3.0516845e-03
  -2.6032401e-03
  -2.0824700e-03
  -1.5065291e-03
  -8.9388929e-04
  -2.6413390e-04
   3.6225895e-04
  -2.7615442e-03
  -3.2493299e-03
  -3.5842938e-03
  -3.7707040e-03
  -3.8152089e-03
  -3.7267329e-03
  -3.5163532e-03
  -3.1971561e-03
  -2.7840754e-03
  -2.2937144e-03
  -1.7441517e-03
  -1.1547335e-03
  -5.4585382e-04
   6.1276484e-05
   6.4486866e-04
  -2.8837475e-03
  -3.3103173e-03
  -3.5784016e-03
  -3.6953197e-03
  -3.6707022e-03
  -3.5163532e-03
  -3.2460929e-03
  -2.8755826e-03
  -2.4221326e-03
  -1.9044958e-03
  -1.3426479e-03
  -7.5755578e-04
  -1.7093648e-04
   3.9499181e-04
   9.1776451e-04
  -2.9117999e-03
  -3.2654823e-03
  -3.4596463e-03
  -3.5044316e-03
  -3.4121579e-03
  -3.1971561e-03
  -2.8755826e-03
  -2.4652172e-03
  -1.9852465e-03
  -1.4560353e-03
  -8.9888663e-04
  -3.3579333e-04
   2.1081743e-04
   7.1834452e-04
   1.1642759e-03
  -2.8433228e-03
  -3.1163981e-03
  -3.2333853e-03
  -3.2069338e-03
  -3.0516845e-03
  -2.7840754e-03
  -2.4221326e-03
  -1.9852465e-03
  -1.4939376e-03
  -9.6961091e-04
  -4.3430362e-04
   8.9574156e-05
   5.7950204e-04
   1.0131141e-03
   1.3684630e-03
  -2.6778897e-03
  -2.8666704e-03
  -2.9070143e-03
  -2.8136952e-03
  -2.6032401e-03
  -2.2937144e-03
  -1.9044958e-03
  -1.4560353e-03
  -9.6961091e-04
  -4.6707308e-04
   2.9414414e-05
   4.9763670e-04
   9.1559094e-04
   1.2617482e-03
   1.5153122e-03
  -2.4170367e-03
  -2.5218991e-03
  -2.4898834e-03
  -2.3374346e-03
  -2.0824700e-03
  -1.7441517e-03
  -1.3426479e-03
  -8.9888663e-04
  -4.3430362e-04
   2.9414414e-05
   4.7058828e-04
   8.6780482e-04
   1.2001733e-03
   1.4475779e-03
   1.5909235e-03
  -2.0642547e-03
  -2.0896222e-03
  -1.9931959e-03
  -1.7925779e-03
  -1.5065291e-03
  -1.1547335e-03
  -7.5755578e-04
  -3.3579333e-04
   8.9574156e-05
   4.9763670e-04
   8.6780482e-04
   1.1800574e-03
   1.4151845e-03
   1.5550236e-03
   1.5826867e-03
  -1.6249627e-03
  -1.5792401e-03
  -1.4298883e-03
  -1.1951002e-03
  -8.9388929e-04
  -5.4585382e-04
  -1.7093648e-04
   2.1081743e-04
   5.7950204e-04
   9.1559094e-04
   1.2001733e-03
   1.4151845e-03
   1.5436286e-03
   1.5697921e-03
   1.4794461e-03
  -1.1064622e-03
  -1.0019227e-03
  -8.1449442e-04
  -5.6235092e-04
  -2.6413390e-04
   6.1276484e-05
   3.9499181e-04
   7.1834452e-04
   1.0131141e-03
   1.2617482e-03
   1.4475779e-03
   1.5550236e-03
   1.5697921e-03
   1.4790612e-03
   1.2716516e-03
  -5.1787425e-04
  -3.7049885e-04
  -1.6299307e-04
   8.7133100e-05
   3.6225895e-04
   6.4486866e-04
   9.1776451e-04
   1.1642759e-03
   1.3684630e-03
   1.5153122e-03
   1.5909235e-03
   1.5826867e-03
   1.4794461e-03
   1.2716516e-03
   9.5149533e-04
  -8.3557924e-04
  -1.2461952e-03
  -1.6016588e-03
  -1.8944361e-03
  -2.1184305e-03
  -2.2690408e-03
  -2.3432045e-03
  -2.3394269e-03
  -2.2577947e-03
  -2.0999747e-03
  -1.8691972e-03
  -1.5702250e-03
  -1.2093068e-03
  -7.9411716e-04
  -3.3368148e-04
  -1.2461952e-03
  -1.6784154e-03
  -2.0322078e-03
  -2.3030166e-03
  -2.4879387e-03
  -2.5857412e-03
  -2.5968628e-03
  -2.5233997e-03
  -2.3690752e-03
  -2.1391954e-03
  -1.8405883e-03
  -1.4815292e-03
  -1.0716525e-03
  -6.2184926e-04
  -1.4415306e-04
  -1.6016588e-03
  -2.0322078e-03
  -2.3652675e-03
  -2.5993354e-03
  -2.7347060e-03
  -2.7734477e-03
  -2.7193641e-03
  -2.5779393e-03
  -2.3562666e-03
  -2.0629638e-03
  -1.7080726e-03
  -1.3029452e-03
  -8.6011843e-04
  -3.9317581e-04
   8.3401052e-05
  -1.8944361e-03
  -2.3030166e-03
  -2.5993354e-03
  -2.7849347e-03
  -2.8632284e-03
  -2.8394415e-03
  -2.7205337e-03
  -2.5151064e-03
  -2.2332950e-03
  -1.8866473e-03
  -1.4879879e-03
  -1.0512715e-03
  -5.9142452e-04
  -1.2417695e-04
   3.3411365e-04
  -2.1184305e-03
  -2.4879387e-03
  -2.7347060e-03
  -2.8632284e-03
  -2.8798837e-03
  -2.7928364e-03
  -2.6119258e-03
  -2.3485394e-03
  -2.0154726e-03
  -1.6267749e-03
  -1.1975852e-03
  -7.4395569e-04
  -2.8266802e-04
   1.6895884e-04
   5.9326649e-04
  -2.2690408e-03
  -2.5857412e-03
  -2.7734477e-03
  -2.8394415e-03
  -2.7928364e-03
  -2.6444515e-03
  -2.4066686e-03
  -2.0932765e-03
  -1.7193021e-03
  -1.3008302e-03
  -8.5481452e-04
  -3.9887945e-04
   4.8884518e-05
   4.7013026e-04
   8.4646709e-04
  -2.3432045e-03
  -2.5968628e-03
  -2.7193641e-03
  -2.7205337e-03
  -2.6119258e-03
  -2.4066686e-03
  -2.1192960e-03
  -1.7655663e-03
  -1.3622712e-03
  -9.2703491e-04
  -4.7810578e-04
  -3.4142337e-05
   3.8600534e-04
   7.6351649e-04
   1.0798214e-03
  -2.3394269e-03
  -2.5233997e-03
  -2.5779393e-03
  -2.5151064e-03
  -2.3485394e-03
  -2.0932765e-03
  -1.7655663e-03
  -1.3826673e-03
  -9.6263946e-04
  -5.2412886e-04
  -8.6146484e-05
   3.3215595e-04
   7.1171208e-04
   1.0337669e-03
   1.2801006e-03
  -2.2577947e-03
  -2.3690752e-03
  -2.3562666e-03
  -2.2332950e-03
  -2.0154726e-03
  -1.7193021e-03
  -1.3622712e-03
  -9.6263946e-04
  -5.3921776e-04
  -1.1114443e-04
   3.0234225e-04
   6.8213226e-04
   1.0094713e-03
   1.2661854e-03
   1.4349015e-03
  -2.0999747e-03
  -2.1391954e-03
  -2.0629638e-03
  -1.8866473e-03
  -1.6267749e-03
  -1.3008302e-03
  -9.2703491e-04
  -5.2412886e-04
  -1.1114443e-04
   2.9282034e-04
   6.6882929e-04
   9.9833411e-04
   1.2633971e-03
   1.4469086e-03
   1.5327982e-03
  -1.8691972e-03
  -1.8405883e-03
  -1.7080726e-03
  -1.4879879e-03
  -1.1975852e-03
  -8.5481452e-04
  -4.7810578e-04
  -8.6146484e-05
   3.0234225e-04
   6.6882929e-04
   9.9519509e-04
   1.2639494e-03
   1.4584436e-03
   1.5630752e-03
   1.5634842e-03
  -1.5702250e-03
  -1.4815292e-03
  -1.3029452e-03
  -1.0512715e-03
  -7.4395569e-04
  -3.9887945e-04
  -3.4142337e-05
   3.3215595e-04
   6.8213226e-04
   9.9833411e-04
   1.2639494e-03
   1.4630104e-03
   1.5805895e-03
   1.6029865e-03
   1.5179048e-03
  -1.2093068e-03
  -1.0716525e-03
  -8.6011843e-04
  -5.9142452e-04
  -2.8266802e-04
   4.8884518e-05
   3.8600534e-04
   7.1171208e-04
   1.0094713e-03
   1.2633971e-03
   1.4584436e-03
   1.5805895e-03
   1.6170129e-03
   1.5562560e-03
   1.3883768e-03
  -7.9411716e-04
  -6.2184926e-04
  -3.9317581e-04
  -1.2417695e-04
   1.6895884e-04
   4.7013026e-04
   7.6351649e-04
   1.0337669e-03
   1.2661854e-03
   1.4469086e-03
   1.5630752e-03
   1.6029865e-03
   1.5562560e-03
   1.4139467e-03
   1.1686959e-03
  -3.3368148e-04
  -1.4415306e-04
   8.3401052e-05
   3.3411365e-04
   5.9326649e-04
   8.4646709e-04
   1.0798214e-03
   1.2801006e-03
   1.4349015e-03
   1.5327982e-03
   1.5634842e-03
   1.5179048e-03
   1.3883768e-03
   1.1686959e-03
   8.5423082e-04
  -6.3261311e-04
  -9.2820693e-04
  -1.1763505e-03
  -1.3732093e-03
  -1.5160462e-03
  -1.6032421e-03
  -1.6343057e-03
  -1.6098732e-03
  -1.5316969e-03
  -1.4026229e-03
  -1.2265588e-03
  -1.0084307e-03
  -7.5413116e-04
  -4.7045672e-04
  -1.6503705e-04
  -9.2820693e-04
  -1.2224497e-03
  -1.4521866e-03
  -1.6164218e-03
  -1.7153812e-03
  -1.7504960e-03
  -1.7243760e-03
  -1.6407703e-03
  -1.5045192e-03
  -1.3214943e-03
  -1.0985296e-03
  -8.4334356e-04
  -5.6445168e-04
  -2.7107208e-04
   2.6976649e-05
  -1.1763505e-03
  -1.4521866e-03
  -1.6502458e-03
  -1.7723066e-03
  -1.8214346e-03
  -1.8019313e-03
  -1.7192724e-03
  -1.5800348e-03
  -1.3918142e-03
  -1.1631323e-03
  -9.0333591e-04
  -6.2248847e-04
  -3.3125360e-04
  -4.0773286e-05
   2.3745936e-04
  -1.3732093e-03
  -1.6164218e-03
  -1.7723066e-03
  -1.8452848e-03
  -1.8410750e-03
  -1.7666106e-03
  -1.6299469e-03
  -1.4401577e-03
  -1.2072229e-03
  -9.4190798e-04
  -6.5563564e-04
  -3.6035181e-04
  -6.8385978e-05
   2.0769245e-04
   4.5522076e-04
  -1.5160462e-03
  -1.7153812e-03
  -1.8214346e-03
  -1.8410750e-03
  -1.7824295e-03
  -1.6547734e-03
  -1.4684098e-03
  -1.2345399e-03
  -9.6512626e-04
  -6.7274803e-04
  -3.7045145e-04
  -7.1595383e-05
   2.1030620e-04
   4.6174381e-04
   6.6937274e-04
  -1.6032421e-03
  -1.7504960e-03
  -1.8019313e-03
  -1.7666106e-03
  -1.6547734e-03
  -1.4777015e-03
  -1.2475754e-03
  -9.7732394e-04
  -6.8046678e-04
  -3.7095174e-04
  -6.2988667e-05
   2.2911952e-04
   4.9114686e-04
   7.0911424e-04
   8.6945774e-04
  -1.6343057e-03
  -1.7243760e-03
  -1.7192724e-03
  -1.6299469e-03
  -1.4684098e-03
  -1.2475754e-03
  -9.8110096e-04
  -6.8321930e-04
  -3.6856642e-04
  -5.2006204e-05
   2.5154711e-04
   5.2730684e-04
   7.6079095e-04
   9.3799677e-04
   1.0455721e-03
  -1.6098732e-03
  -1.6407703e-03
  -1.5800348e-03
  -1.4401577e-03
  -1.2345399e-03
  -9.7732394e-04
  -6.8321930e-04
  -3.6732373e-04
  -4.4941577e-05
   2.6859946e-04
   5.5813144e-04
   8.0882787e-04
   1.0063825e-03
   1.1371838e-03
   1.1884834e-03
  -1.5316969e-03
  -1.5045192e-03
  -1.3918142e-03
  -1.2072229e-03
  -9.6512626e-04
  -6.8046678e-04
  -3.6856642e-04
  -4.4941577e-05
   2.7488288e-04
   5.7555912e-04
   8.4210002e-04
   1.0600594e-03
   1.2157076e-03
   1.2962005e-03
   1.2897415e-03
  -1.4026229e-03
  -1.3214943e-03
  -1.1631323e-03
  -9.4190798e-04
  -6.7274803e-04
  -3.7095174e-04
  -5.2006204e-05
   2.6859946e-04
   5.7555912e-04
   8.5393240e-04
   1.0893238e-03
   1.2680566e-03
   1.3773405e-03
   1.4054313e-03
   1.3417811e-03
  -1.2265588e-03
  -1.0985296e-03
  -9.0333591e-04
  -6.5563564e-04
  -3.7045145e-04
  -6.2988667e-05
   2.5154711e-04
   5.5813144e-04
   8.4210002e-04
   1.0893238e-03
   1.2863787e-03
   1.4207092e-03
   1.4807830e-03
   1.4562378e-03
   1.3380163e-03
  -1.0084307e-03
  -8.4334356e-04
  -6.2248847e-04
  -3.6035181e-04
  -7.1595383e-05
   2.2911952e-04
   5.2730684e-04
   8.0882787e-04
   1.0600594e-03
   1.2680566e-03
   1.4207092e-03
   1.5068899e-03
   1.5165938e-03
   1.4410673e-03
   1.2729261e-03
  -7.5413116e-04
  -5.6445168e-04
  -3.3125360e-04
  -6.8385978e-05
   2.1030620e-04
   4.9114686e-04
   7.6079095e-04
   1.0063825e-03
   1.2157076e-03
   1.3773405e-03
   1.4807830e-03
   1.5165938e-03
   1.4765090e-03
   1.3535514e-03
   1.1421287e-03
  -4.7045672e-04
  -2.7107208e-04
  -4.0773286e-05
   2.0769245e-04
   4.6174381e-04
   7.0911424e-04
   9.3799677e-04
   1.1371838e-03
   1.2962005e-03
   1.4054313e-03
   1.4562378e-03
   1.4410673e-03
   1.3535514e-03
   1.1885940e-03
   9.4244686e-04
  -1.6503705e-04
   2.6976649e-05
   2.3745936e-04
   4.5522076e-04
   6.6937274e-04
   8.6945774e-04
   1.0455721e-03
   1.1884834e-03
   1.2897415e-03
   1.3417811e-03
   1.3380163e-03
   1.2729261e-03
   1.1421287e-03
   9.4244686e-04
   6.7196083e-04
  -3.4697010e-04
  -4.9819889e-04
  -6.1864249e-04
  -7.0772113e-04
  -7.6546402e-04
  -7.9250183e-04
  -7.9005345e-04
  -7.5990735e-04
  -7.0439740e-04
  -6.2637366e-04
  -5.2916818e-04
  -4.1655611e-04
  -2.9271253e-04
  -1.6216524e-04
  -2.9743877e-05
  -4.9819889e-04
  -6.3381134e-04
  -7.2826494e-04
  -7.8340326e-04
  -8.0171943e-04
  -7.8631841e-04
  -7.4087372e-04
  -6.6957903e-04
  -5.7709491e-04
  -4.6849136e-04
  -3.4918642e-04
  -2.2488133e-04
  -1.0149299e-04
   1.4916009e-05
   1.1820913e-04
  -6.1864249e-04
  -7.2826494e-04
  -7.8935297e-04
  -8.0599312e-04
  -7.8291978e-04
  -7.2545050e-04
  -6.3941636e-04
  -5.3108775e-04
  -4.0709631e-04
  -2.7435360e-04
  -1.3996722e-04
  -1.1154943e-05
   1.0484232e-04
   2.0084813e-04
   2.6983796e-04
  -7.0772113e-04
  -7.8340326e-04
  -8.0599312e-04
  -7.8159397e-04
  -7.1691864e-04
  -6.1920180e-04
  -4.9610770e-04
  -3.5563449e-04
  -2.0601570e-04
  -5.5619708e-05
   8.7151906e-05
   2.1396646e-04
   3.1666175e-04
   3.8734637e-04
   4.1849798e-04
  -7.6546402e-04
  -8.0171943e-04
  -7.8291978e-04
  -7.1691864e-04
  -6.1211079e-04
  -4.7732509e-04
  -3.2171412e-04
  -1.5464124e-04
   1.4433796e-05
   1.7606995e-04
   3.2095959e-04
   4.4004210e-04
   5.2461519e-04
   5.6644331e-04
   5.5786206e-04
  -7.9250183e-04
  -7.8631841e-04
  -7.2545050e-04
  -6.1920180e-04
  -4.7732509e-04
  -3.0990011e-04
  -1.2720926e-04
   6.0388013e-05
   2.4258097e-04
   4.0923262e-04
   5.5050288e-04
   6.5696907e-04
   7.1974255e-04
   7.3058071e-04
   6.8199334e-04
  -7.9005345e-04
  -7.4087372e-04
  -6.3941636e-04
  -4.9610770e-04
  -3.2171412e-04
  -1.2720926e-04
   7.6359771e-05
   2.7800619e-04
   4.6693618e-04
   6.3267937e-04
   7.6521609e-04
   8.5510040e-04
   8.9357782e-04
   8.7269693e-04
   7.8541384e-04
  -7.5990735e-04
  -6.6957903e-04
  -5.3108775e-04
  -3.5563449e-04
  -1.5464124e-04
   6.0388013e-05
   2.7800619e-04
   4.8696065e-04
   6.7632839e-04
   8.3564771e-04
   9.5504534e-04
   1.0253581e-03
   1.0382478e-03
   9.8630914e-04
   8.6316838e-04
  -7.0439740e-04
  -5.7709491e-04
  -4.0709631e-04
  -2.0601570e-04
   1.4433796e-05
   2.4258097e-04
   4.6693618e-04
   6.7632839e-04
   8.6003882e-04
   1.0079297e-03
   1.1105678e-03
   1.1593405e-03
   1.1465652e-03
   1.0655897e-03
   9.1088325e-04
  -6.2637366e-04
  -4.6849136e-04
  -2.7435360e-04
  -5.5619708e-05
   1.7606995e-04
   4.0923262e-04
   6.3267937e-04
   8.3564771e-04
   1.0079297e-03
   1.1399946e-03
   1.2231044e-03
   1.2494226e-03
   1.2121143e-03
   1.1054364e-03
   9.2481916e-04
  -5.2916818e-04
  -3.4918642e-04
  -1.3996722e-04
   8.7151906e-05
   3.2095959e-04
   5.5050288e-04
   7.6521609e-04
   9.5504534e-04
   1.1105678e-03
   1.2231044e-03
   1.2848257e-03
   1.2888496e-03
   1.2293297e-03
   1.1015348e-03
   9.0191820e-04
  -4.1655611e-04
  -2.2488133e-04
  -1.1154943e-05
   2.1396646e-04
   4.4004210e-04
   6.5696907e-04
   8.5510040e-04
   1.0253581e-03
   1.1593405e-03
   1.2494226e-03
   1.2888496e-03
   1.2718210e-03
   1.1935670e-03
   1.0504148e-03
   8.3984416e-04
  -2.9271253e-04
  -1.0149299e-04
   1.0484232e-04
   3.1666175e-04
   5.2461519e-04
   7.1974255e-04
   8.9357782e-04
   1.0382478e-03
   1.1465652e-03
   1.2121143e-03
   1.2293297e-03
   1.1935670e-03
   1.1011648e-03
   9.4949699e-04
   7.3701614e-04
  -1.6216524e-04
   1.4916009e-05
   2.0084813e-04
   3.8734637e-04
   5.6644331e-04
   7.3058071e-04
   8.7269693e-04
   9.8630914e-04
   1.0655897e-03
   1.1054364e-03
   1.1015348e-03
   1.0504148e-03
   9.4949699e-04
   7.9713293e-04
   5.9263501e-04
  -2.9743877e-05
   1.1820913e-04
   2.6983796e-04
   4.1849798e-04
   5.5786206e-04
   6.8199334e-04
   7.8541384e-04
   8.6316838e-04
   9.1088325e-04
   9.2481916e-04
   9.0191820e-04
   8.3984416e-04
   7.3701614e-04
   5.9263501e-04
   4.0670249e-04
